cam0:
  cam_overlaps: [1]
  camera_model: omni
  distortion_coeffs: [-0.11155636137676518, 0.3248284206528954, -0.0021044889442226678,
    0.00013102885054766718]
  distortion_model: radtan
  intrinsics: [1.8587627232246553, 1134.5245121547075, 1129.291870097667, 703.2739478579985,
    551.7433770172734]
  resolution: [1440, 1080]
  rostopic: /tiscamera_ros/fisheye_left/image_rect_raw
cam1:
  T_cn_cnm1:
  - [0.9999621244910147, -0.0009458736218962443, -0.008651873005775143, -0.19882648544413314]
  - [0.0009511183919941336, 0.9999993664208393, 0.0006021060742599366, -0.000540249222930684]
  - [0.008651298007875478, -0.0006103122247269012, 0.9999623905736493, -0.004245726541522751]
  - [0.0, 0.0, 0.0, 1.0]
  cam_overlaps: [0]
  camera_model: omni
  distortion_coeffs: [-0.033235208877298486, 0.6162285250354401, -0.003066238130232576,
    -0.0009635844061840461]
  distortion_model: radtan
  intrinsics: [2.0427353578790495, 1204.4764053174426, 1200.0125339392077, 728.025138790404,
    568.9074787597303]
  resolution: [1440, 1080]
  rostopic: /tiscamera_ros/fisheye_right/image_rect_raw
